	 1.04433762179218e-006, -4.06849895217896e-006, -1.32722513549984e-006,  8.41856550583221e-006,
	 2.17556518987503e-006, -1.83782342634971e-005, -2.95668992216041e-006,  3.64660287837442e-005,
	 2.65050176725003e-006, -6.6422527974149e-005,   5.02689561832395e-007,  0.000113335622978507,
	-9.41909972647264e-006, -0.000183715023550294,   2.8652694690904e-005,   0.000285495750669547,
	-6.49354478721006e-005, -0.00042794911867798,    0.000127765904367809,   0.000621481178756398,
	-0.000230030318698044,  -0.000877303219899577,   0.000388637579995704,   0.00120696678398582,
	-0.000625149868691171,  -0.00162176640520584,    0.000966397665706229,   0.00213202616509268,
	-0.00144508298189809,   -0.00274630002663109,    0.00210040192133325,    0.0034705293703134,
	-0.00297876195675854,   -0.00430721267109267,    0.00413473881517922,    0.00525465033781455,
	-0.00563252739953853,   -0.00630633110945799,    0.00754831877902739,    0.00745052416307838,
	-0.00997433682779465,   -0.00867013283693087,    0.0130258095428684,     0.0099428517918428,
	-0.0168531838285624,    -0.0112416503112015,     0.0216640002532549,     0.0125355816220301,
	-0.0277634635582562,    -0.0137908934085636,     0.0356337486972977,     0.0149723901839221,
	-0.0461010925757615,    -0.0160449760832747,     0.0607267695933501,     0.0169752890271151,
	-0.082868976781416,     -0.0177333258348775,     0.121293004837416,      0.0182939539973059,
	-0.20821969082696,      -0.0186382100448914,     0.633942449316528,      1.01638545414613,
	 0.633942449316528,     -0.0186382100448914,    -0.20821969082696,       0.0182939539973059,
	 0.121293004837416,     -0.0177333258348775,    -0.082868976781416,      0.0169752890271151,
	 0.0607267695933501,    -0.0160449760832747,    -0.0461010925757615,     0.0149723901839221,
	 0.0356337486972977,    -0.0137908934085636,    -0.0277634635582562,     0.0125355816220301,
	 0.0216640002532549,    -0.0112416503112015,    -0.0168531838285624,     0.00994285179184279,
	 0.0130258095428684,    -0.00867013283693088,   -0.00997433682779465,    0.00745052416307838,
	 0.0075483187790274,    -0.00630633110945799,   -0.00563252739953853,    0.00525465033781455,
	 0.00413473881517923,   -0.00430721267109267,   -0.00297876195675854,    0.0034705293703134,
	 0.00210040192133325,   -0.0027463000266311,    -0.00144508298189809,    0.00213202616509268,
	 0.000966397665706229,  -0.00162176640520584,   -0.000625149868691172,   0.00120696678398582,
	 0.000388637579995704,  -0.000877303219899576,  -0.000230030318698043,   0.0006214811787564,
	 0.000127765904367809,  -0.000427949118677981,  -6.49354478721007e-005,  0.000285495750669547,
	 2.8652694690904e-005,  -0.000183715023550295,  -9.41909972647267e-006,  0.000113335622978507,
	 5.02689561832398e-007, -6.64225279741491e-005,  2.65050176725002e-006,  3.6466028783745e-005,
	-2.95668992216038e-006, -1.8378234263497e-005,   2.17556518987497e-006,  8.41856550583253e-006,
	-1.32722513549992e-006, -4.06849895217869e-006,  1.04433762179218e-006