	 2.88385759323557e-007, -3.21531224056526e-006, -1.72266974973948e-006,  2.49863746050793e-005,
	 2.91107011407907e-006, -9.11083556497418e-005,  7.28066989203399e-006,  0.00024787666936653,
	-5.86206312082931e-005, -0.000568480295102676,   0.000215892209270613,   0.00115224461614621,
	-0.000598811275279629,  -0.00211729045043844,    0.00140394901348295,    0.00358500683837682,
	-0.00292676903615998,   -0.00565664102207735,    0.00558349978728841,    0.00838495373851649,
	-0.00993814090855858,   -0.0117464806696762,     0.0167534375349842,     0.0156215250926792,
	-0.0271173268658006,    -0.0197887944417796,     0.0427872583501218,     0.023939278162294,
	-0.0672085788049972,    -0.0277098953524895,     0.109094361417873,      0.0307325845429488,
	-0.200464952418109,     -0.0326901923590569,     0.631281715630871,      1.0309991918046,
	 0.631281715630871,     -0.0326901923590569,    -0.200464952418109,      0.0307325845429488,
	 0.109094361417873,     -0.0277098953524895,    -0.0672085788049972,     0.023939278162294,
	 0.0427872583501219,    -0.0197887944417796,    -0.0271173268658006,     0.0156215250926792,
	 0.0167534375349842,    -0.0117464806696763,    -0.00993814090855859,    0.0083849537385165,
	 0.00558349978728841,   -0.00565664102207735,   -0.00292676903615998,    0.00358500683837682,
	 0.00140394901348295,   -0.00211729045043844,   -0.000598811275279629,   0.00115224461614621,
	 0.000215892209270613,  -0.000568480295102676,  -5.86206312082933e-005,  0.00024787666936653,
	 7.280669892034e-006,   -9.11083556497417e-005,  2.91107011407909e-006,  2.49863746050788e-005,
	-1.72266974973949e-006, -3.2153122405658e-006,   2.88385759323557e-007