	 5.56126743065995e-007, -2.71615400803307e-006, -7.57925750291126e-007,  6.97016889138311e-006,
	 1.18423279518081e-006, -1.72824510358529e-005, -8.7929068134378e-007,   3.72091725068764e-005,
	-1.94965644114879e-006, -7.21454444670589e-005,  1.06199593218705e-005,  0.00012946888541303,
	-3.07967983051208e-005, -0.000218537966771941,   7.14396212855882e-005,  0.000350489981394298,
	-0.000145842420603581,  -0.000537789450807399,   0.000272724386780495,   0.000793496297367527,
	-0.00047732399201617,   -0.00113025379325663,    0.000792466528810063,   0.00155903626460363,
	-0.00125962504584061,   -0.00208774058623703,    0.00193009497805268,    0.00271974685299135,
	-0.00286658250127908,   -0.0034526048938062,     0.00414582190724759,    0.00427701781100757,
	-0.00586340978017235,   -0.00517628667523392,    0.00814315788617697,    0.00612634996569681,
	-0.0111556345882299,    -0.00709649885853002,    0.015156119077542,      0.00805078008447634,
	-0.0205667513787384,    -0.00895001983589092,    0.0281712825924436,     0.00975432508186964,
	-0.0396466311563075,    -0.0104258531703049,     0.0593722695277633,     0.010931596262096,
	-0.103476591089931,     -0.0112459109794938,     0.317425337723044,      0.5113525390625,
	 0.317425337723044,     -0.0112459109794938,    -0.103476591089931,      0.010931596262096,
	 0.0593722695277633,    -0.0104258531703049,    -0.0396466311563075,     0.00975432508186964,
	 0.0281712825924436,    -0.00895001983589092,   -0.0205667513787384,     0.00805078008447634,
	 0.015156119077542,     -0.00709649885853001,   -0.0111556345882299,     0.00612634996569681,
	 0.00814315788617697,   -0.00517628667523391,   -0.00586340978017235,    0.00427701781100757,
	 0.0041458219072476,    -0.00345260489380621,   -0.00286658250127908,    0.00271974685299135,
	 0.00193009497805268,   -0.00208774058623703,   -0.00125962504584061,    0.00155903626460363,
	 0.000792466528810063,  -0.00113025379325663,   -0.000477323992016171,   0.000793496297367526,
	 0.000272724386780495,  -0.000537789450807399,  -0.000145842420603581,   0.000350489981394299,
	 7.14396212855882e-005, -0.000218537966771941,  -3.07967983051208e-005,  0.00012946888541303,
	 1.06199593218706e-005, -7.21454444670594e-005, -1.94965644114878e-006,  3.72091725068764e-005,
	-8.7929068134378e-007,  -1.7282451035853e-005,   1.18423279518081e-006,  6.97016889138333e-006,
	-7.57925750291124e-007, -2.71615400803309e-006,  5.56126743065995e-007