	 1.10961873278596e-006, -5.41943973388006e-006, -1.5122606871004e-006,   1.39073153179451e-005,
	 2.36285506837453e-006, -3.44830232621322e-005, -1.75441556038855e-006,  7.42420596741467e-005,
	-3.89007602416051e-006, -0.000143949086541803,   2.11896046214307e-005,  0.000258324388025642,
	-6.14476910799051e-005, -0.000436040569489975,   0.000142540784146783,   0.000699319451650187,
	-0.000290993885754167,  -0.00107303102458381,    0.000544156691316119,   0.00158323325920477,
	-0.000952386573300371,  -0.00225515280003558,    0.00158117860080892,    0.00311068630643347,
	-0.00251328238495671,   -0.00416559011514977,    0.00385104577401921,    0.00542660840202884,
	-0.00571958403755138,   -0.00688885243308865,    0.00827200221610353,    0.00853377245875409,
	-0.0116990405715979,    -0.0103280497345698,     0.0162477360551306,     0.0122236752148657,
	-0.0222584172934585,    -0.0141593767406446,     0.0302404332366005,     0.0160634181086576,
	-0.041036063967331,     -0.0178576372967771,     0.0562090985210416,     0.0194624372438102,
	-0.0791054290616514,    -0.0208023119321083,     0.118463251942921,      0.0218114020642148,
	-0.206462942683183,     -0.0224385423748788,     0.633346814175059,      1.02028245085506,
	 0.633346814175059,     -0.0224385423748788,    -0.206462942683183,      0.0218114020642148,
	 0.118463251942921,     -0.0208023119321083,    -0.0791054290616514,     0.0194624372438102,
	 0.0562090985210416,    -0.0178576372967771,    -0.041036063967331,      0.0160634181086576,
	 0.0302404332366005,    -0.0141593767406446,    -0.0222584172934585,     0.0122236752148657,
	 0.0162477360551305,    -0.0103280497345698,    -0.0116990405715979,     0.00853377245875409,
	 0.00827200221610354,   -0.00688885243308865,   -0.00571958403755138,    0.00542660840202884,
	 0.00385104577401921,   -0.00416559011514978,   -0.00251328238495671,    0.00311068630643347,
	 0.00158117860080892,   -0.00225515280003558,   -0.000952386573300372,   0.00158323325920476,
	 0.000544156691316119,  -0.00107303102458381,   -0.000290993885754167,   0.000699319451650188,
	 0.000142540784146783,  -0.000436040569489975,  -6.14476910799051e-005,  0.000258324388025643,
	 2.11896046214308e-005, -0.000143949086541804,  -3.8900760241605e-006,   7.42420596741467e-005,
	-1.75441556038855e-006, -3.44830232621324e-005,  2.36285506837454e-006,  1.39073153179456e-005,
	-1.51226068710039e-006, -5.4194397338801e-006,   1.10961873278596e-006