-1.416073020281704900E-6,
 1.737523307389307050E-6,
 4.081191093217859670E-6,
-3.738988177725729220E-6,
-9.278205123564047700E-6,
 6.706691642768919160E-6,
 18.50627871309167820E-6,
-10.63620790332135080E-6,
-33.80959076882813720E-6,
 15.23974504194146460E-6,
 57.86172693030967200E-6,
-19.77713803901137620E-6,
-94.02859058698899730E-6,
 22.84684206346139490E-6,
 146.3975443201130420E-6,
-22.13969126276357710E-6,
-219.7604256684794850E-6,
 14.16144816686215790E-6,
 319.5392546880544270E-6,
 6.066829092386024410E-6,
-451.6460004905111420E-6,
-45.31939580037708740E-6,
 622.2717026812912310E-6,
 112.4755194737579700E-6,
-837.6053992142049080E-6,
-218.8179790772008460E-6,
 0.001103489382259645,
 378.3148559420168910E-6,
-0.001425023829967766,
-607.8881872665297120E-6,
 0.001806140273846816,
 927.6879541002182350E-6,
-0.002249169026030134,
-0.001361412944424368,
 0.002754429974903914,
 0.001936755273435177,
-0.003319878495316421,
-0.002686100091273069,
 0.003940838176876352,
 0.003647700340634680,
-0.004609849404346849,
-0.004867696418429438,
 0.005316657508681977,
 0.006403620503800188,
-0.006048356472013295,
-0.008330541820241042,
 0.006789694480818114,
 0.010752063921970926,
-0.007523536653932279,
-0.013820698933397079,
 0.008231468858366186,
 0.017777657874805189,
-0.008894515585398260,
-0.023036635523397901,
 0.009493935317041357,
 0.030379795837534675,
-0.010012049514493204,
-0.041489997786782883,
 0.010433056992479319,
 0.060760176139990810,
-0.010743784467176097,
-0.104338990421527486,
 0.010934326667751534,
 0.317717867146666055,
 0.489001464527782981,
 0.317717867146666055,
 0.010934326667751534,
-0.104338990421527486,
-0.010743784467176097,
 0.060760176139990810,
 0.010433056992479319,
-0.041489997786782883,
-0.010012049514493204,
 0.030379795837534675,
 0.009493935317041357,
-0.023036635523397901,
-0.008894515585398260,
 0.017777657874805189,
 0.008231468858366186,
-0.013820698933397079,
-0.007523536653932279,
 0.010752063921970926,
 0.006789694480818114,
-0.008330541820241042,
-0.006048356472013295,
 0.006403620503800188,
 0.005316657508681977,
-0.004867696418429438,
-0.004609849404346849,
 0.003647700340634680,
 0.003940838176876352,
-0.002686100091273069,
-0.003319878495316421,
 0.001936755273435177,
 0.002754429974903914,
-0.001361412944424368,
-0.002249169026030134,
 927.6879541002182350E-6,
 0.001806140273846816,
-607.8881872665297120E-6,
-0.001425023829967766,
 378.3148559420168910E-6,
 0.001103489382259645,
-218.8179790772008460E-6,
-837.6053992142049080E-6,
 112.4755194737579700E-6,
 622.2717026812912310E-6,
-45.31939580037708740E-6,
-451.6460004905111420E-6,
 6.066829092386024410E-6,
 319.5392546880544270E-6,
 14.16144816686215790E-6,
-219.7604256684794850E-6,
-22.13969126276357710E-6,
 146.3975443201130420E-6,
 22.84684206346139490E-6,
-94.02859058698899730E-6,
-19.77713803901137620E-6,
 57.86172693030967200E-6,
 15.23974504194146460E-6,
-33.80959076882813720E-6,
-10.63620790332135080E-6,
 18.50627871309167820E-6,
 6.706691642768919160E-6,
-9.278205123564047700E-6,
-3.738988177725729220E-6,
 4.081191093217859670E-6,
 1.737523307389307050E-6,
-1.416073020281704900E-6