	 5.23408683638906e-007, -2.03907973485803e-006, -6.65188294061745e-007,  4.21927755697802e-006,
	 1.09036549908925e-006, -9.21093638947605e-006, -1.48185524278121e-006,  1.82763080874972e-005,
	 1.32839764845224e-006, -3.32901230458939e-005,  2.51941590868084e-007,  5.68023673520216e-005,
	-4.72073253517022e-006, -9.20756244289411e-005,  1.4360364788101e-005,   0.000143086825490412,
	-3.25448174833661e-005, -0.000214482634923446,   6.40346401619888e-005,  0.000311478432732335,
	-0.000115288259078672,  -0.000439693173833768,   0.000194780193601645,   0.00060491634354586,
	-0.00031331713329178,   -0.00081280861821476,    0.000484346172659158,   0.00106854429570376,
	-0.000724257142059351,  -0.00137641051305774,    0.00105269462845842,    0.00173938501432957,
	-0.00149291746474197,   -0.00215872000326927,    0.00207227830855098,    0.00263356366648788,
	-0.00282295082570453,   -0.00316065264308686,    0.00378312100739753,    0.0037341075943664,
	-0.00499901028198902,   -0.00434535989172235,    0.00652836945054595,    0.00498323038391966,
	-0.00844660058084908,   -0.00563417162087625,    0.0108577203562293,     0.00628267347505414,
	-0.013914693496674,     -0.00691181971668655,    0.0178591799333681,     0.00750397081706806,
	-0.0231052790552407,    -0.00804153717679218,    0.0304354816596119,     0.00850779814752322,
	-0.0415328732266005,    -0.00888771651819329,    0.0607905055528041,     0.00916869619601434,
	-0.10435705083229,      -0.00934123293216314,    0.317723862451848,      0.5093994140625,
	 0.317723862451848,     -0.00934123293216314,   -0.10435705083229,       0.00916869619601434,
	 0.0607905055528041,    -0.00888771651819329,   -0.0415328732266005,     0.00850779814752322,
	 0.0304354816596119,    -0.00804153717679218,   -0.0231052790552407,     0.00750397081706806,
	 0.0178591799333681,    -0.00691181971668655,   -0.013914693496674,      0.00628267347505414,
	 0.0108577203562294,    -0.00563417162087625,   -0.00844660058084909,    0.00498323038391966,
	 0.00652836945054595,   -0.00434535989172236,   -0.00499901028198902,    0.0037341075943664,
	 0.00378312100739753,   -0.00316065264308686,   -0.00282295082570453,    0.00263356366648788,
	 0.00207227830855098,   -0.00215872000326927,   -0.00149291746474197,    0.00173938501432957,
	 0.00105269462845842,   -0.00137641051305774,   -0.000724257142059352,   0.00106854429570376,
	 0.000484346172659158,  -0.000812808618214759,  -0.000313317133291781,   0.000604916343545861,
	 0.000194780193601645,  -0.000439693173833767,  -0.000115288259078672,   0.000311478432732336,
	 6.40346401619889e-005, -0.000214482634923446,  -3.25448174833661e-005,  0.000143086825490412,
	 1.4360364788101e-005,  -9.20756244289413e-005, -4.72073253517023e-006,  5.68023673520214e-005,
	 2.51941590868085e-007, -3.32901230458939e-005,  1.32839764845223e-006,  1.82763080874976e-005,
	-1.4818552427812e-006,  -9.21093638947599e-006,  1.09036549908923e-006,  4.21927755697818e-006,
	-6.65188294061784e-007, -2.03907973485789e-006,  5.23408683638906e-007